129714008
129720009
129721008
129722001
129723006
129724000
129725004
129726003
129727007
129728002
129729005
129730000
129731001
129771006
129772004
129773009
129774003
129775002
129776001
129777005
129778000
129779008
129780006
129781005
129782003
129783008
129784002
129785001
129786000
129791004
168749009
168750009
171176006
397137005
397138000
397140005
397141009
397143007
397144001
397145000
134301000119104
6111000179101
27931000119107
6131000179108
6141000179100
6121000179106
24623002
43204002
62434009
71651007
80865008
241055006
241056007
241057003
241058008
258172002
268547008
418074003
418378007
439324009
442869006
445171002
609223006
711540006
726551006
5981000087101
5971000087103
6791000087107
566571000119105
572701000119102
384151000119104
392531000119105
392521000119107
6041000087102
6031000087108
308001000000100
308031000000106
872661000000104
1106651000000104
1106641000000102
1106661000000101
1106021000000101
185710003
243878006
6192003
82981000119102
758681000000106
399011000
399161006
441753009
442580003
442581004
442593008
703942005
197991000000102
171175005
94361000000105
305879002
310126000
308051000000104
429736008
4231000179109
473396004
469217000
736903004
959971000000104
715011000000109